238.07742541186025
817.2378254897658
393.46481934340386
390.3084838205529
76.84421779413569
202.57434588912423
776.9554155975164
984.1273370193404
895.0896093023707
900.4087968729428
170.5104118329326
349.5662956853666
569.600691550778
771.1677522894855
972.5803704285298
892.1267225954215
972.9346651161584
510.8482080049954
107.45356311379564
291.69214752217715
147.2433055728689
421.2318411365504
456.709690887094
219.24020350007962
814.3407353444517
601.1550745662911
61.95187416863273
833.9173896272326
279.2028098689965
979.1910649371794
599.1696450086888
134.12262855534786
782.5742761715393
639.9199628997862
257.6374543416117
949.6146128467399
660.1161808373664
389.05184180214343
126.81597202542935
507.5249389945821
352.33313208760865
535.9641489755458
469.8153316410377
913.0533247022898
806.998251677562
269.83015285146575
327.7015309766663
292.66265551685024
881.2722778304026
818.5233833202423
85.68459867513508
424.73863767971176
43.80465690432901
702.6446239381112
506.4449704428554
232.00046955580345
372.4634281312382
455.9890565277073
815.6868753891614
212.71791198516982
330.4885057347965
983.5275232895517
790.3309728983962
771.0191156400622
724.3707832250092
993.4360402590353
136.70186953909692
80.38782610021597
976.7644595346676
480.29717923725184
478.46447155213116
247.10546102292327
67.09509304917293
664.9279030537459
268.1703883998026
825.6602372554859
56.31118656895764
155.74168202594032
83.8465934635143
813.8514550912607
319.2782523024473
924.9979242949177
204.38022369096538
401.5319655869537
873.9210617691158
609.9052872099344
595.3424272246255
321.0040292517324
8.427921627630113
701.1759325646346
594.255205671396
364.45139984789904
659.3009316748816
273.0318551506599
669.7278037111944
75.62561107294509
247.9826593649787
750.8035161736179
696.2865323328307
866.0205104989844
230.6982714875269
236.83603189173192
37.452433717463734
837.4761072875834
611.9524488438585
920.7719099160264
211.61997385009715
534.9488114341359
867.4085552263041
305.58530278708895
616.1664863941301
97.82394728148977
385.31268733619663
156.66269413371512
3.582781276848357
255.65009547316365
570.8924366350583
468.89915339880184
837.2660928702296
5.743138445177956
348.6345974272125
994.5082624800526
24.83392045894653
320.63643930357574
29.42389662155809
547.0400881070474
265.6643577489758
772.7031914947759
805.9299700282588
670.3785300703485
358.6684635145077
91.02787137592252
893.1347197769533
37.47235348478611
288.33376584139444
445.78454472831515
701.3414591266867
526.8556847114455
253.86972348394565
671.5211862109606
574.6542212583845
964.7347093471412
518.8814825073159
131.82985100256542
344.4501803054907
981.9335196823823
24.97256123727519
341.00128714640994
409.71159193691625
894.0568587743004
883.7545281938364
550.8196023740471
139.12732424564152
316.02030508803585
488.2301736994337
981.6687299581472
117.5565769328637
85.78526312471568
115.28656115911883
368.42740201731385
124.36118071840477
915.4569055635963
120.42325873745133
743.2247958637064
596.2420094981265
424.6048399748852
219.39335460662994
744.71776248117
57.92173618910573
963.3937846499972
8.324722600849068
929.1829050847756
330.20746867309674
800.2473066307033
931.0200751529497
818.2851267668738
138.4799441447958
308.65375377063793
627.0449704875716
798.9872924064805
137.20371553968778
411.7299885493014
783.0252627663482
885.5938550640097
885.1925710632223
331.35846084380506
249.2843609401395
934.6362771748774
891.3600067228605
733.3445098053844
242.04090651763732
301.4812436132934
352.89023772146004
395.22426371981567
663.6618311148027
892.8454765795832
870.7179994584394
123.40245642506348
554.0913744515069
491.01171014405185
134.32701368095164
487.62257308253146
852.2072578486939
603.8302447241816
461.7401118149987
61.12342570478295
253.38926053011005
52.128917048969484
144.03658245853526
494.61838197573854
140.2024454941268
224.550809316677
684.6775456100173
261.6047807603142
517.1356151936155
265.341118006715
382.822134483902
294.04478192482674
208.49102274662766
55.68012317767572
307.0685842359388
379.3115672274831
57.765387649642314
598.6052816393244
316.77303355439415
469.79949841027803
664.6684872362023
968.46393365634
544.367090293464
871.0459417480363
507.20981489127234
814.8441415517764
884.5504692637551
492.4977854082479
496.1226443555182
13.377222683015459
87.50647330811212
499.76105943715527
581.7639300296152
748.670780835565
925.6545518662737
999.7832905448613
869.7560017120492
480.1968419563051
479.7407675874191
583.398138097448
7.701254298788367
494.91186923098314
58.91743626529421
985.0878648641508
330.5850146709708
234.48014914658236
752.227819699567
79.62622367786436
130.0405092335164
17.667648065614358
434.67494539929794
593.8620267646708
762.0267111149327
317.4979591083316
3.5906341177215513
446.38728098328795
718.4700909334172
940.3490461262411
800.0042347208749
345.74190066603535
816.3443454187976
848.581115182447
546.6158211581409
549.0206041007084
263.68472665666343
149.1124478791518
342.99215346848985
824.9827295578134
406.8185241082353
997.383388974485
874.9142797760292
187.59072405817886
285.96758129794694
62.57790950731311
907.6401368709231
605.3855055425618
214.97994178332726
577.3932130092257
861.2274468107976
73.59167818926474
483.4389825541084
145.26568655985056
498.6130145622901
260.3374426801371
196.77270572924508
342.35539118714246
478.45007074425706
289.5763940243605
110.63548370164058
342.313605729808
673.5735979430784
684.0374836580245
173.17599015507565
389.81772545600313
239.37701685862905
648.4777257064245
564.3967050538539
58.121377221760625
868.9637057940955
689.5015485023584
360.0176318814796
60.203421212158545
647.20759137287
601.298388515921
289.0282067105716
779.7869301732372
893.6669818881334
845.9448443704296
194.4089480803075
448.53543456606934
502.189334380215
491.3190295801592
809.4240282956098
468.1075790533664
169.03004390711854
961.9358849911353
804.3129834617172
164.70823845986217
583.9278708079011
802.7438451084433
60.16709668211564
82.54052519814718
848.6837145221748
478.27644302886114
161.92286106612008
541.1097435395927
834.4932077301846
959.5072082369181
909.2234837317525
65.7570254659736
748.8392719735882
52.38574608474149
522.2571811775546
127.4434980883297
717.0203461810112
658.3144112409781
731.840921466374
949.1207877445852
915.6461324773061
209.30542053638425
268.0456740921256
667.5638220671926
918.0453869912556
932.7011303010864
36.634380463477314
358.6760117097779
93.81372235246042
268.49939016622875
832.0362240604492
743.6709913902921
479.7175031826994
116.15959511079917
581.2916681076948
745.9222388241936
218.390594516386
421.92620877303415
6.531221224781332
853.4801720495891
589.5377858619917
280.27418489598745
852.4615673866643
643.7831545438714
697.4094297288262
792.1749409336539
549.1300714172526
764.5799182876052
732.5742274189945
609.0548748127321
699.4873830048043
543.1186783806038
757.1273321660867
272.784488688108
518.2260336916413
348.3774968674851
872.2076084039473
850.1219746469591
657.2820273201521
775.592279323436
470.57835797411934
582.5750510893722
666.7312544313608
167.14191764240738
805.7618139172915
247.13757159749522
921.4842758694771
466.7041244878677
137.8878491132689
276.87079121081445
859.3135338177196
818.1827792785348
761.2719630166541
470.9216659736739
639.6992247970811
462.8803786359543
529.2730827111507
31.783798403018018
677.5252935049795
766.6599368140882
560.2809826260574
773.2365235051157
74.25665173004933
113.97788872048149
851.1370317408346
481.88097245895426
578.0396055444742
224.01325964202903
478.76612225706583
862.974271517069
899.3952127353043
138.43418679264443
890.5784247463412
149.68470379773015
478.9432925166766
519.2554586058613
635.0795155932848
81.14785536056776
418.72206520433275
43.306928861346925
771.7819932650748
45.340402678152074
608.5927418672834
30.836368288953665
152.42877667470805
143.92832501491205
645.0155477203404
509.95022463682835
36.34868263791507
658.4786555019627
932.251778412859
313.78643050603563
969.2956168487664
324.5219495400823
784.6395653993596
375.49949735772793
555.1154369702809
10.857229814723485
898.1993520328595
801.2744891746245
437.3392754339902
868.4877785564959
682.1934163673741
246.4489604348755
179.3991329243635
459.33324924841173
644.1997325127132
679.6687854347382
216.10874260796513
729.7248401967124
206.71228751972006
74.89482701873364
199.67903634508107
779.905664921898
550.1508021737457
655.9752941416008
283.7610111065572
583.0628355219709
315.4616521416812
944.4841999753519
260.15402706929274
228.80183898514213
458.81041411938406
269.6881809324211
521.313611754463
296.7578482824547
500.31382320167125
650.9595429101477
117.04544073929311
284.51197030364807
22.997306860940746
494.7649240572168
39.492522649446094
335.55201044899866
136.98325132862345
554.7894711622548
215.50858412893908
73.05070054204879
312.8645089561561
491.9204259789249
607.845110146995
473.4615257145324
991.0302410615462
230.68446090029877
719.5941271599592
941.3886650276074
764.7654449364111
973.1125659347526
59.75821388116904
393.10939902439947
613.7914604099959
998.2562159956383
823.7530182304463
271.15655188763265
957.4288867290387
90.90460124600436
803.3693384160674
701.9575531331299
405.9234622235089
74.0075417066209
637.638828633539
104.76717477097883
86.10310725847992
197.70765298041493
79.72098733097135
107.33172872981177
993.4724840096019
64.85501171862617
867.0313174735836
833.5116534237886
121.7429289341471
435.1794143577488
290.1963230820261
996.4716687766845
208.1605240711633
928.6681587382328
343.9660126643558
534.8523925053662
753.1012137565741
671.7006239200567
545.576482520847
849.5555039218702
315.78522887358406
292.72261282795
654.5376098822023
990.7605704339304
793.561646114832
523.361033061717
142.8365029205665
671.1262621999786
512.9566722089862
996.0875796666011
399.1468484928045
272.8325748710136
573.6255611097966
947.8939465756416
936.1545587594985
227.93077950948677
236.2829020877106
925.6787495316801
177.34712511880852
847.4811866701066
289.2286317172784
685.1557815906945
49.19552859071944
629.3667291135914
937.1900518123273
716.4911342540189
944.583898516433
191.91004335563568
773.0666551703114
454.53295116794555
445.54724120751877
665.0946623683893
95.05866346639667
130.69969878663292
697.4937516093153
249.90839518905483
251.82454673912656
135.37349301436558
895.1419568918292
135.63344360114056
953.9885740732785
241.7387567286222
557.9831046655916
948.9284425527388
878.5225585452278
417.81813680449784
372.3732341539892
705.7486680813798
394.7854540628235
626.8310965582351
710.2275337813617
892.1687371536462
340.7552638664217
586.8678798905145
552.715049080375
377.12341133790056
741.330378319854
706.1562229217811
894.0575250414238
895.745511599264
301.217040301046
153.6572542825894
528.220019458249
655.0853848094844
578.4284063592818
409.8452739235238
44.7516205797529
686.571869790912
854.3429830993155
660.398508749112
235.35942698337905
594.4360916011747
741.5250665451211
677.8974578824797
688.458668333794
753.0518595802187
350.06683088699253
917.4552766301304
150.28423613380212
827.573389027944
867.7109665466776
120.17098788393105
18.278731436191006
89.87772189015529
150.17643221161632
680.7883966194523
855.7931806369552
661.0946857907823
489.63280354935074
788.7923029972493
243.75416318165813
956.3286678495626
796.1169830219152
464.9322874821064
622.6167467480345
489.1578312059284
567.9607070045363
242.86915689210923
265.2680947990158
905.3131754084765
677.8161636339551
103.0636580452807
505.2101366061839
647.8977022296237
996.8665943150858
47.944379231896086
127.72157860830993
485.9670557381825
408.55339426100335
717.7515207639199
613.053729788862
716.1341396658859
940.1064772645409
719.984700260886
925.8905880862882
921.0975322943636
311.81313366449973
10.275729569678743
553.5967725395054
854.2588972701853
760.8102651310732
478.2729236461135
417.0424671184647
92.49329025794981
989.6441168471384
601.9454443419914
329.0439886767563
58.95286414239445
341.8502029154022
342.1849642915966
301.97251108656894
747.6057513714572
808.3513335225973
741.4559152139784
710.5347381422647
905.5608000296338
954.2597258069792
774.4407890364841
928.7521154394732
226.52311343825014
125.07190377153904
812.4695033907527
84.93125385071475
154.70167816812165
212.7649977068152
566.6176573869142
952.4542037480097
582.2535121348114
894.2420545705207
250.75426830265238
119.99690335698371
902.3631388597782
952.3426987617418
235.22207494341188
466.68582000025367
570.2049276110162
905.3092936637381
605.2175393997695
760.99178195792
105.75140447987333
756.5682478897509
448.23045869643914
683.6251431600336
752.2982558490412
847.2279336398414
605.5195200491956
142.04966372308502
26.994891410484758
759.7386046443473
439.8065826851707
504.4175550766389
109.70458238518941
84.15507695583105
235.02199712835133
615.4049373745306
671.5944314986721
217.3409256065207
528.3902947388248
448.89763626903965
494.9055306542529
667.176658630099
230.49980795090846
668.8155044076317
720.049523582318
405.32402702707384
682.485260423939
614.3521993133338
654.7884414613236
695.7618793651142
415.5040214816893
834.5456699847141
456.6397290242585
929.5262051603984
502.50258751377055
173.82047485573486
768.5153526190417
328.67520686752664
934.9063368809371
521.6861497963012
85.23488775785039
585.4693384011535
288.11317091832467
314.2265291619428
610.3375895068773
156.60356228080948
858.9774034692184
861.9002007614621
514.6718455118397
598.890116052372
829.731813622788
439.7727618231801
356.1129838446014
37.681696886947925
958.4217561988247
784.7572509267502
295.9082616620933
54.28846363321243
324.09793907305675
849.7821429247747
296.28914706193206
409.2380297530672
261.0919809044058
925.5892987346919
771.5872229484708
676.0357296876853
380.8772869826181
179.69519067397763
804.3602582886341
93.49183543455982
698.179931039208
705.3236093106407
655.6482596524654
593.337338106096
555.985242816861
139.73590353263634
73.18936398318422
20.887337577910138
297.9199361554176
305.47142430718816
33.42276308362285
348.3513120651255
681.1145113771998
655.2640527529383
995.6284921469094
755.6546865169514
537.7476486763492
974.3934715174416
397.05056399170513
241.7603351540293
991.7993613638984
428.08675290735346
998.9984560428582
35.07519665245159
531.244155247599
498.37458149096915
610.8562799313931
870.9480701212224
518.1069031519196
862.7147732907309
609.6592624823988
774.7761343768783
55.80601437307252
509.3335721204921
145.81066073454525
22.845318935046834
588.8499931341767
407.92319175303345
452.0958506105102
481.1956632082647
75.71133384205932
836.2833709439303
640.6391541697366
646.7395216411081
192.28038357216334
58.1350029183597
947.2029219423681
623.9500576958256
125.72257344419623
232.00099731277695
711.6015030618108
617.2605485107065
903.000946954314
494.0040029619149
948.2740460689562
535.6009568460545
625.4035746354272
339.96122444946775
307.78535738041484
169.43364452015066
94.0033782377911
371.08408899980793
627.4684410907926
157.87722302040348
741.3764933343548
691.5850696463443
539.5595705058107
599.0366213684858
572.9355464053087
505.25718302520215
28.219399344715324
783.8384158045438
574.4423538937024
152.1924974669071
623.7210706107065
655.7775247072516
464.72765298913095
121.31621254083481
333.46037133263223
944.047084669609
801.1590157154175
613.0765364941077
922.6018291717053
329.78785031449894
210.4342339548105
359.6457399851939
683.9568343338565
977.6108608038072
745.1701587639693
530.0987539858501
416.68625251084666
940.5115136809114
349.8272871932056
988.4056053468972
566.8204916205865
449.7101488371829
392.69097776889186
910.379439208058
535.537117306569
968.6346380577664
86.9138666094173
360.60610017483003
599.2285652710896
858.138464266349
628.595053682466
284.80980649706925
91.89969160641917
497.6870700542737
979.0935720631251
590.6596930916157
545.2673310652174
732.2219531658534
379.2099066303259
364.9117215784295
252.9666114288046
22.71493564034509
532.620296209884
63.51701445914282
786.8811563346501
569.840651367772
612.0920942368238
243.00305201404723
311.91881782738153
218.55593805349534
413.0823637661796
179.80211712620078
105.53872028936028
425.6846411367932
262.8026521498203
191.9731259218503
492.1540944401179
711.9795515195166
984.0772362173186
399.0578556251435
401.6509985577764
977.7423991270106
979.7840503039994
728.9870243189117
605.1178548389684
418.5710682125936
681.2534523063567
417.42528380707296
712.0326552315577
685.2238864680497
468.1960948329358
963.4735100293108
659.3344161907453
588.0449627311496
912.746384815644
871.7714163939513
217.55699499190834
198.90395420627289
898.3419369578442
980.6151564230463
356.001676087431
87.25643400766812
327.26204078933415
500.5931133668676
659.4961452179415
702.4228211606292
278.21813890536777
484.6619165850871
735.5930185982604
535.6380880654591
475.27862970224777
416.605229645953
333.1568532450185
846.7302426642354
841.3037671996533
372.7219096240245
424.307934502925
112.60835315507039
647.906173448294
237.1072603762986
840.4377306843106
504.4945166081587
562.6577460642395
601.7801514293027
288.136781219951
285.52328955670185
521.0305652999627
940.8118270580951
717.7775348441864
970.5458180684335
285.44667102743597
130.6629794813549
135.38267587038257
826.700381280077
338.29054062571953
565.6608943151211
852.170405885348
985.4497728874801
956.3568554319837
385.9775032012116
747.9970538917232
114.94014732877213
736.5666881078076
604.6714702204358
715.9355235572353
957.6227142397161
660.8129039131165
541.8625711160227
393.3187228199035
198.12263127543537
622.6226698946261
336.6271530848552
125.24940953912153
318.12851824858546
471.4901368341153
903.3163594487717
618.9246554732919
357.91658733866694
664.1118656180455
309.7996170587646
711.4751695498419
397.3324020868582
814.8564046145781
457.7298703129965
518.7325391362224
769.0044221028108
436.6307833919007
880.3167365542852
769.9216118421214
279.60611353729587
178.46968198278094
187.81633673235993
568.0771286377919
378.9161258867296
47.75428146579968
274.56981648405826
630.2863244353154
448.40697656324693
818.2916054850059
426.88583552213396
351.7413180413062
22.929622197545307
485.75868117839565
366.4662504333422
611.7620924267876
579.8704363878835
235.68380242493495
928.4762143068243
555.8214259537733
515.5223151092439
215.71716276971074
769.1542491739963
761.1237729135953
457.43794882355434
546.2726322587341
111.06392977373811
820.4213176860333
606.7249438668726
161.6793276250644
485.8880890624067
867.6435453673379
126.68924733014484
30.35156343572109
722.6188893767637
72.02035465175017
677.4970172435034
612.8848702244564
595.2354521719186
793.8514635944626
74.79087151687871
516.0483158262301
23.50143553741597
334.7567745368894
377.9597235888665
994.6306731268803
